[gd_scene load_steps=24 format=2]

[ext_resource path="res://mobs and platforms/manta_ray.tscn" type="PackedScene" id=1]
[ext_resource path="res://mobs and platforms/sea_urchin.tscn" type="PackedScene" id=2]
[ext_resource path="res://addons/zylann.hterrain/hterrain.gd" type="Script" id=3]
[ext_resource path="res://addons/zylann.hterrain/tools/icons/icon_heightmap_node.svg" type="Texture" id=4]
[ext_resource path="res://terrain2/data.hterrain" type="Resource" id=5]
[ext_resource path="res://Seamless beach sand.jpg" type="Texture" id=6]
[ext_resource path="res://palm1.tscn" type="PackedScene" id=7]
[ext_resource path="res://palm2.tscn" type="PackedScene" id=8]
[ext_resource path="res://palm3.tscn" type="PackedScene" id=9]
[ext_resource path="res://data.hterrain" type="Resource" id=10]
[ext_resource path="res://(GRASS 3) seamless turf lawn green ground field texture.jpg" type="Texture" id=11]
[ext_resource path="res://Dark mountain texture sep.jpg" type="Texture" id=12]
[ext_resource path="res://Seamless mountain rock face texture.jpg" type="Texture" id=13]
[ext_resource path="res://transat.tscn" type="PackedScene" id=14]
[ext_resource path="res://parasol.tscn" type="PackedScene" id=15]
[ext_resource path="res://env.tres" type="Environment" id=16]
[ext_resource path="res://eauf.tres" type="Material" id=17]

[sub_resource type="CubeMesh" id=1]

[sub_resource type="Animation" id=2]
resource_name = "ray_loop"
length = 35.0
loop = true
tracks/0/type = "value"
tracks/0/path = NodePath(".:translation")
tracks/0/interp = 1
tracks/0/loop_wrap = true
tracks/0/imported = false
tracks/0/enabled = true
tracks/0/keys = {
"times": PoolRealArray( 0, 3, 6, 9, 11, 13, 15, 22, 25, 27, 29, 32 ),
"transitions": PoolRealArray( 1, 1, 1, 1, 1, 1, 1, 1, 1, 1, 1, 1 ),
"update": 0,
"values": [ Vector3( -211.593, 3.58589, 152.831 ), Vector3( -211.593, 3.58589, 129.214 ), Vector3( -211.593, 32.1624, -6.78832 ), Vector3( -211.593, 1.86513, -146.122 ), Vector3( -182.809, 1.86513, -169.791 ), Vector3( -182.809, 1.86513, -188.856 ), Vector3( -140.404, 1.86513, -188.856 ), Vector3( -43.7782, 55.6209, 136.193 ), Vector3( -57.4849, 32.4223, 328.642 ), Vector3( -133.268, 11.0737, 368.025 ), Vector3( -213.97, 3.68201, 307.981 ), Vector3( -213.97, 3.68201, 215.547 ) ]
}
tracks/1/type = "bezier"
tracks/1/path = NodePath(".:rotation_degrees:x")
tracks/1/interp = 1
tracks/1/loop_wrap = true
tracks/1/imported = false
tracks/1/enabled = true
tracks/1/keys = {
"points": PoolRealArray( 0, -0.25, 0, 0.25, 0, 0, -0.249996, -0.987452, 0.92, 3.63388, 16.3521, -0.249999, 0.549831, 0.52, -1.14365, -4.70239, -0.54, -0.508594, 0.42, 0.395574, -18.416, -0.55, -0.0905833, 0.68, 0.111994, 5.1821, -0.509689, -3.51237, 0.400306, 2.75859, 5.1821, -0.594167, 1.93985, 0.375835, -1.22704, 5.1821, -1.14417, -4.22877, 0.65584, 2.42394, 5.1821, -0.25, 0, 0.25, 0, 5.1821, -0.574163, -2.72541, 0.715834, 3.39789, 6.539, -0.25, 0, 0.25, 0, 5.1821, -0.25, 0, 0.25, 0, 5.1821, -0.25, 0, 0.25, 0, 5.1821, -0.25, 0, 0.25, 0, 5.1821, -0.25, 0, 0.25, 0, 5.1821, -0.25, 0, 0.25, 0, 5.1821, -0.25, 0, 0.25, 0, 5.1821, -0.25, 0, 0.25, 0, 5.182, -0.249995, 1.20709, 0.348499, -1.68271, -5.08262, -0.5415, 0.143294, 0.6285, -0.166316, 3.445, -0.5215, 0.054291, 0.25, -0.0260264, 3.445, -0.25, 0, 0.25, 0, 3.445, -0.25, 0, 0.25, 0, 3.445, -0.25, 0, 0.25, 0, 3.445, -0.25, 0, 0.25, 0 ),
"times": PoolRealArray( 0, 3, 5, 6, 7, 9, 11, 13, 14, 15, 15.5, 17, 19, 19.001, 21, 21.5, 22, 23.5, 25, 26, 27, 28, 29, 30, 31 )
}
tracks/2/type = "bezier"
tracks/2/path = NodePath(".:rotation_degrees:y")
tracks/2/interp = 1
tracks/2/loop_wrap = true
tracks/2/imported = false
tracks/2/enabled = true
tracks/2/keys = {
"points": PoolRealArray( 0, -0.25, 0, 0.25, 0, 0, -0.25, 0, 0.25, 0, 0, -0.25, 0, 0.25, 0, 0, -0.25, 0, 0.25, 0, 0, -0.25, 0, 0.25, 0, 0, -0.605858, 2.79082, 0.634121, -2.92101, -26.9944, -0.635575, 7.12694, 0.604142, -6.77447, -77.0356, -0.401085, 13.0117, 0.430453, -13.9645, -122.506, -0.25, 0, 0.25, 0, -140.795, -0.470918, 1.23204, 0.460453, -1.20467, -150, -0.25, 0, 0.25, 0, -160, -0.25, 0, 0.25, 0, -150.559, -0.212083, -13.2367, 0.329397, 20.5586, -140.98, -0.201603, -16.0205, 0.195726, 15.5535, -140.98, -0.408026, 19.549, 0.123156, -5.90053, -163.984, -0.417801, 11.5937, 0.193155, -5.35995, -179, -0.346846, 9.65594, 0.225287, -6.27184, -200, -0.25, 0, 0.25, 0, -220, -0.25, 0, 0.25, 0, -230, -0.25, 0, 0.25, 0, -250, -0.25, 0, 0.25, 0, -280, -0.25, 0, 0.25, 0, -310, -0.25, 0, 0.25, 0, -340, -0.25, 0, 0.25, 0, -355, -0.25, 0, 0.25, 0 ),
"times": PoolRealArray( 0, 3, 5, 6, 7, 9, 11, 13, 14, 15, 15.5, 17, 19, 19.001, 21, 21.5, 22, 23.5, 25, 26, 27, 28, 29, 30, 31 )
}
tracks/3/type = "bezier"
tracks/3/path = NodePath(".:rotation_degrees:z")
tracks/3/interp = 1
tracks/3/loop_wrap = true
tracks/3/imported = false
tracks/3/enabled = true
tracks/3/keys = {
"points": PoolRealArray( 0, -0.25, 0, 0.25, 0, 0, -0.25, 0, 0.25, 0, 0, -0.25, 0, 0.25, 0, 0, -0.25, 0, 0.25, 0, 0, -0.25, 0, 0.25, 0, 0, -0.25, 0, 0.25, 0, 0, -0.25, 0, 0.25, 0, 0, -0.25, 0, 0.25, 0, 0, -0.25, 0, 0.25, 0, 0, -0.25, 0, 0.25, 0, 0, -0.25, 0, 0.25, 0, 0, -0.25, 0, 0.25, 0, 0, -0.25, 0, 0.25, 0, 0, -0.25, 0, 0.25, 0, 0, -0.25, 0, 0.25, 0, 0, -0.25, 0, 0.25, 0, 0, -0.25, 0, 0.25, 0, 0, -0.25, 0, 0.25, 0, 0, -0.25, 0, 0.25, 0, -2.19526, -0.25, 0, 0.25, 0, -5.09047, -0.25, 0, 0.25, 0, -5.09, -0.25, 0, 0.25, 0, -5.09, -0.25, 0, 0.25, 0, -5.09, -0.25, 0, 0.25, 0, -5.09, -0.25, 0, 0.25, 0 ),
"times": PoolRealArray( 0, 3, 5, 6, 7, 9, 11, 13, 14, 15, 15.5, 17, 19, 19.001, 21, 21.5, 22, 23.5, 25, 26, 27, 28, 29, 30, 31 )
}

[sub_resource type="SpatialMaterial" id=3]
albedo_color = Color( 0, 0, 0, 1 )

[sub_resource type="CylinderMesh" id=4]
material = SubResource( 3 )

[sub_resource type="PlaneMesh" id=5]
material = ExtResource( 17 )
size = Vector2( 1000, 775 )

[sub_resource type="Animation" id=6]
length = 15.0
loop = true
tracks/0/type = "value"
tracks/0/path = NodePath(".:mesh:material:uv1_offset")
tracks/0/interp = 1
tracks/0/loop_wrap = true
tracks/0/imported = false
tracks/0/enabled = true
tracks/0/keys = {
"times": PoolRealArray( 0, 15 ),
"transitions": PoolRealArray( 1, 1 ),
"update": 0,
"values": [ Vector3( 0, 0, 0 ), Vector3( -1, -1, 0 ) ]
}

[node name="niveau 1" type="Spatial"]
transform = Transform( 1, 0, 0, 0, 1, 0, 0, 0, 1, -0.035038, -0.166994, 0.0841446 )

[node name="DirectionalLight" type="DirectionalLight" parent="."]
transform = Transform( 0.0694924, 0.690173, -0.7203, 0, 0.722046, 0.691845, 0.997582, -0.048078, 0.0501767, -839.085, 79.1647, 0 )
light_energy = 1.01
light_indirect_energy = 0.0
shadow_enabled = true

[node name="Camera_far" type="Camera" parent="."]
transform = Transform( -0.129901, 0, -0.991527, 0, 1, 0, 0.991527, 0, -0.129901, -900.747, 26.7196, 83.0235 )
fov = 74.4
far = 2109.7

[node name="Camera_average" type="Camera" parent="."]
transform = Transform( -0.125764, 0.250365, -0.959948, 0.0325227, 0.968152, 0.248244, 0.991527, 1.87856e-008, -0.129901, -269.606, 16.9127, 91.6477 )
fov = 80.0
far = 2109.7

[node name="cube" type="MeshInstance" parent="."]
transform = Transform( -0.419911, 0, -3.20515, 0, 32.3254, 0, 3.20515, 0, -0.419911, -900.747, 35.1981, 83.0235 )
mesh = SubResource( 1 )
material/0 = null

[node name="Camera_far2" type="Camera" parent="."]
transform = Transform( -0.116312, 0.445281, -0.887804, 0.0578425, 0.895391, 0.441508, 0.991527, 0, -0.129901, -960.138, 167.161, 83.0235 )
fov = 74.4
far = 2109.7

[node name="Camera_near" type="Camera" parent="."]
transform = Transform( -0.979379, -0.014933, 0.20148, 0.0395995, 0.963732, 0.263919, -0.198114, 0.266455, -0.943267, -52.1912, 55.7687, -218.724 )
current = true
far = 899.7

[node name="Ennemies_and_platforms" type="Spatial" parent="."]
editor/display_folded = true

[node name="Platforms" type="Spatial" parent="Ennemies_and_platforms"]
editor/display_folded = true

[node name="manta_ray" parent="Ennemies_and_platforms/Platforms" instance=ExtResource( 1 )]
editor/display_folded = true
transform = Transform( 1, 0, 0, 0, 0.999972, 0.00765207, 0, -0.00765208, 0.999971, -211.593, 3.58589, 135.423 )

[node name="AnimationPlayer" type="AnimationPlayer" parent="Ennemies_and_platforms/Platforms/manta_ray"]
autoplay = "ray_loop"
anims/ray_loop = SubResource( 2 )

[node name="Ennemies" type="Spatial" parent="Ennemies_and_platforms"]
editor/display_folded = true

[node name="sea_urchin" parent="Ennemies_and_platforms/Ennemies" instance=ExtResource( 2 )]
transform = Transform( 0.952643, 0, 0.304093, 0, 1, 0, -0.304093, 0, 0.952643, 43.8914, 12.8495, 58.3848 )

[node name="sea_urchin12" parent="Ennemies_and_platforms/Ennemies" instance=ExtResource( 2 )]
transform = Transform( 0.908324, 0, -0.418267, 0, 1, 0, 0.418267, 0, 0.908324, 17.8545, 10.0908, -34.3973 )

[node name="sea_urchin13" parent="Ennemies_and_platforms/Ennemies" instance=ExtResource( 2 )]
transform = Transform( 0.261632, 0, 0.965168, 0, 1, 0, -0.965168, 0, 0.261632, 156.457, 10.0908, 84.9775 )

[node name="sea_urchin14" parent="Ennemies_and_platforms/Ennemies" instance=ExtResource( 2 )]
transform = Transform( 0.998545, 0, 0.0539339, 0, 1, 0, -0.0539339, 0, 0.998545, 156.457, 5.46223, 181.345 )

[node name="sea_urchin21" parent="Ennemies_and_platforms/Ennemies" instance=ExtResource( 2 )]
transform = Transform( 0.886969, 0, 0.461828, 0, 1, 0, -0.461828, 0, 0.886969, 131.452, 10.6357, 303.324 )

[node name="sea_urchin15" parent="Ennemies_and_platforms/Ennemies" instance=ExtResource( 2 )]
transform = Transform( 0.889417, 0, -0.457097, 0, 1, 0, 0.457097, 0, 0.889417, 195.167, 10.0908, 401.208 )

[node name="sea_urchin18" parent="Ennemies_and_platforms/Ennemies" instance=ExtResource( 2 )]
transform = Transform( 0.631111, 0, 0.775693, 0, 1, 0, -0.775693, 0, 0.631111, 56.1143, 8.08698, 467.672 )

[node name="sea_urchin19" parent="Ennemies_and_platforms/Ennemies" instance=ExtResource( 2 )]
transform = Transform( 0.60594, 0.279602, 0.744755, -0.17646, 0.960116, -0.216885, -0.775693, 0, 0.631111, 16.6395, 5.17596, 380.428 )

[node name="sea_urchin16" parent="Ennemies_and_platforms/Ennemies" instance=ExtResource( 2 )]
transform = Transform( 0.139403, 0.401467, 0.905202, -0.33548, 0.879216, -0.338277, -0.931676, -0.25652, 0.25725, 195.167, 8.18223, -101.004 )

[node name="sea_urchin20" parent="Ennemies_and_platforms/Ennemies" instance=ExtResource( 2 )]
transform = Transform( 0.962167, -0.0286511, 0.270951, 0.097444, 0.964866, -0.244003, -0.254441, 0.261174, 0.931154, 106.897, 8.18223, -10.0854 )

[node name="sea_urchin22" parent="Ennemies_and_platforms/Ennemies" instance=ExtResource( 2 )]
transform = Transform( -0.171456, 0.257779, 0.95087, 0.097444, 0.964866, -0.244003, -0.980361, 0.0508207, -0.190551, 137.631, 8.71284, -82.3466 )

[node name="sea_urchin23" parent="Ennemies_and_platforms/Ennemies" instance=ExtResource( 2 )]
transform = Transform( 0.576085, 0.145238, 0.804383, 0.097444, 0.964866, -0.244003, -0.811561, 0.218948, 0.541692, 602.469, 387.328, 187.962 )

[node name="sea_urchin17" parent="Ennemies_and_platforms/Ennemies" instance=ExtResource( 2 )]
transform = Transform( 0.856016, 0.410578, 0.314107, -0.307869, 0.893008, -0.328259, -0.415276, 0.184291, 0.890833, 91.9788, 8.18223, -172.262 )

[node name="sea_urchin2" parent="Ennemies_and_platforms/Ennemies" instance=ExtResource( 2 )]
transform = Transform( 0.158099, 0, 0.987423, 0, 1, 0, -0.987423, 0, 0.158099, 44.8256, 11.8505, 66.2632 )

[node name="sea_urchin3" parent="Ennemies_and_platforms/Ennemies" instance=ExtResource( 2 )]
transform = Transform( 0.995894, 0, 0.0905297, 0, 1, 0, -0.0905297, 0, 0.995894, -350.403, 1.91887, 97.817 )

[node name="sea_urchin4" parent="Ennemies_and_platforms/Ennemies" instance=ExtResource( 2 )]
transform = Transform( 0.731658, 0.581506, 0.355708, -0.571679, 0.80766, -0.14446, -0.371296, -0.0976558, 0.923366, 44.7054, 12.4911, 111.23 )

[node name="sea_urchin8" parent="Ennemies_and_platforms/Ennemies" instance=ExtResource( 2 )]
transform = Transform( 0.329973, 0.378725, 0.864688, -0.394112, 0.887613, -0.238369, -0.857783, -0.262129, 0.442149, -687.768, 2.09986, 182.881 )

[node name="sea_urchin9" parent="Ennemies_and_platforms/Ennemies" instance=ExtResource( 2 )]
transform = Transform( 0.901591, 0.43242, -0.0120962, -0.320082, 0.648035, -0.691085, -0.291001, 0.626948, 0.722672, 44.987, 11.443, 199.892 )

[node name="sea_urchin10" parent="Ennemies_and_platforms/Ennemies" instance=ExtResource( 2 )]
transform = Transform( 0.480391, 0.520539, 0.705878, -0.509183, 0.820832, -0.258782, -0.714114, -0.235105, 0.65937, -600.863, 3.05368, -90.7589 )

[node name="sea_urchin11" parent="Ennemies_and_platforms/Ennemies" instance=ExtResource( 2 )]
transform = Transform( 0.894638, 0.263574, 0.360766, -0.117871, 0.918087, -0.378448, -0.430964, 0.29605, 0.852423, 74.6477, 20.6667, 315.085 )

[node name="Landscape" type="Spatial" parent="."]
editor/display_folded = true

[node name="islands" type="Spatial" parent="Landscape"]
editor/display_folded = true

[node name="HTerrain" type="Spatial" parent="Landscape/islands"]
transform = Transform( 1, 0, 0, 0, 1, 0, 0, 0, 1, -900, -10, -220 )
script = ExtResource( 3 )
__meta__ = {
"_editor_icon": ExtResource( 4 )
}
map_scale = Vector3( 1.7, 1.5, 1.4 )
_terrain_data = ExtResource( 5 )
chunk_size = 32
shader_type = "Classic4"
custom_shader = null
shader_params/u_ground_uv_scale = 20
shader_params/u_depth_blending = true
shader_params/u_triplanar = false
shader_params/u_globalmap_blend_start = null
shader_params/u_globalmap_blend_distance = null
ground/albedo_bump_0 = ExtResource( 6 )
ground/normal_roughness_0 = null
ground/albedo_bump_1 = null
ground/normal_roughness_1 = null
ground/albedo_bump_2 = null
ground/normal_roughness_2 = null
ground/albedo_bump_3 = null
ground/normal_roughness_3 = null
_detail_objects_data = null

[node name="palmiers" type="Spatial" parent="Landscape/islands"]
editor/display_folded = true

[node name="palm_a" parent="Landscape/islands/palmiers" instance=ExtResource( 7 )]
transform = Transform( 1, 0, 0, 0, 1, 0, 0, 0, 1, -598.325, -3.87649, -67.0692 )

[node name="palm_a9" parent="Landscape/islands/palmiers" instance=ExtResource( 7 )]
transform = Transform( -0.999498, 0, -0.0316683, 0, 1, 0, 0.0316683, 0, -0.999498, -764.266, -3.41931, 277.512 )

[node name="palm_a2" parent="Landscape/islands/palmiers" instance=ExtResource( 7 )]
transform = Transform( -0.931793, 0, -0.36299, 0, 1, 0, 0.36299, 0, -0.931793, -653.881, -5.32203, 129.164 )

[node name="palm_a11" parent="Landscape/islands/palmiers" instance=ExtResource( 7 )]
transform = Transform( 0.0116988, 0, -0.999931, 0, 1, 0, 0.999931, 0, 0.0116988, -355.492, -4.81095, 243.496 )

[node name="palm_a7" parent="Landscape/islands/palmiers" instance=ExtResource( 7 )]
transform = Transform( 0.91983, 0, 0.392316, 0, 1, 0, -0.392316, 0, 0.91983, -714.952, -5.32203, 99.0971 )

[node name="palm_a3" parent="Landscape/islands/palmiers" instance=ExtResource( 7 )]
transform = Transform( -0.0770424, 0, -0.997028, 0, 1, 0, 0.997028, 0, -0.0770424, -698.098, -5.89458, 278.688 )

[node name="palm_a6" parent="Landscape/islands/palmiers" instance=ExtResource( 7 )]
transform = Transform( 0.0454296, 0, 0.998968, 0, 1, 0, -0.998968, 0, 0.0454296, -678.254, -3.91253, -50.8412 )

[node name="palm_a4" parent="Landscape/islands/palmiers" instance=ExtResource( 7 )]
transform = Transform( 0.757286, 0, 0.653083, 0, 1, 0, -0.653083, 0, 0.757286, -769.784, -8.3492, 220.709 )

[node name="palm_a8" parent="Landscape/islands/palmiers" instance=ExtResource( 7 )]
transform = Transform( -0.736224, 0, -0.676737, 0, 1, 0, 0.676737, 0, -0.736224, -602.007, -8.3492, 3.92761 )

[node name="palm_a5" parent="Landscape/islands/palmiers" instance=ExtResource( 7 )]
transform = Transform( -0.781993, 0, -0.623286, 0, 1, 0, 0.623286, 0, -0.781993, -757.28, -5.45113, -8.97766 )

[node name="palm_a10" parent="Landscape/islands/palmiers" instance=ExtResource( 7 )]
transform = Transform( 0.761863, 0, 0.647738, 0, 1, 0, -0.647738, 0, 0.761863, -589.293, -7.14352, 389.656 )

[node name="palm_b" parent="Landscape/islands/palmiers" instance=ExtResource( 8 )]
transform = Transform( 0.99502, 0, -0.0996802, 0, 1, 0, 0.0996802, 0, 0.99502, -513.443, 6.3329, 174.345 )

[node name="palm_b11" parent="Landscape/islands/palmiers" instance=ExtResource( 8 )]
transform = Transform( 0.99502, 0, -0.0996802, 0, 1, 0, 0.0996802, 0, 0.99502, -392.262, -0.94426, 343.584 )

[node name="palm_b12" parent="Landscape/islands/palmiers" instance=ExtResource( 8 )]
transform = Transform( -0.970497, 0, -0.241116, 0, 1, 0, 0.241116, 0, -0.970497, -355.62, -2.27582, 296.848 )

[node name="palm_b6" parent="Landscape/islands/palmiers" instance=ExtResource( 8 )]
transform = Transform( -0.955587, 0, -0.294712, 0, 1, 0, 0.294712, 0, -0.955587, -709.211, 4.8247, 137.736 )

[node name="palm_b2" parent="Landscape/islands/palmiers" instance=ExtResource( 8 )]
transform = Transform( -0.723056, 0, 0.69079, 0, 1, 0, -0.69079, 0, -0.723056, -685.817, -2.67625, 37.279 )

[node name="palm_b8" parent="Landscape/islands/palmiers" instance=ExtResource( 8 )]
transform = Transform( 0.93463, 0, -0.355623, 0, 1, 0, 0.355623, 0, 0.93463, -531.049, -1.04623, -129.714 )

[node name="palm_b3" parent="Landscape/islands/palmiers" instance=ExtResource( 8 )]
transform = Transform( 0.984658, 0, -0.174497, 0, 1, 0, 0.174497, 0, 0.984658, -729.11, 2.79549, 187.878 )

[node name="palm_b7" parent="Landscape/islands/palmiers" instance=ExtResource( 8 )]
transform = Transform( -0.975105, 0, -0.221746, 0, 1, 0, 0.221746, 0, -0.975105, -587.288, 0.696723, -52.7036 )

[node name="palm_b4" parent="Landscape/islands/palmiers" instance=ExtResource( 8 )]
transform = Transform( -0.998479, 0, -0.0551353, 0, 1, 0, 0.0551353, 0, -0.998479, -789.759, 2.79549, 315.021 )

[node name="palm_b9" parent="Landscape/islands/palmiers" instance=ExtResource( 8 )]
transform = Transform( 0.898629, 0, 0.438711, 0, 1, 0, -0.438711, 0, 0.898629, -607.977, -1.5742, -135.721 )

[node name="palm_b5" parent="Landscape/islands/palmiers" instance=ExtResource( 8 )]
transform = Transform( 0.99985, 0, -0.0173587, 0, 1, 0, 0.0173587, 0, 0.99985, -657.976, 4.70525, -103.999 )

[node name="palm_b10" parent="Landscape/islands/palmiers" instance=ExtResource( 8 )]
transform = Transform( -0.928055, 0, -0.372443, 0, 1, 0, 0.372443, 0, -0.928055, -706.246, 2.08915, 343.497 )

[node name="palm_c" parent="Landscape/islands/palmiers" instance=ExtResource( 9 )]
transform = Transform( 0.77318, 0, 0.634186, 0, 1, 0, -0.634186, 0, 0.77318, -516.064, 6.48604, 157.26 )

[node name="palm_c2" parent="Landscape/islands/palmiers" instance=ExtResource( 9 )]
transform = Transform( 0.42279, 0, 0.906227, 0, 1, 0, -0.906227, 0, 0.42279, -749.565, 0.310577, 29.4236 )

[node name="palm_c3" parent="Landscape/islands/palmiers" instance=ExtResource( 9 )]
transform = Transform( -0.748974, 0, -0.662598, 0, 1, 0, 0.662598, 0, -0.748974, -718.533, 0.310577, 225.795 )

[node name="palm_c4" parent="Landscape/islands/palmiers" instance=ExtResource( 9 )]
transform = Transform( -0.862722, 0, 0.505678, 0, 1, 0, -0.505678, 0, -0.862722, -747.783, 0.493107, 338.261 )

[node name="palm_c5" parent="Landscape/islands/palmiers" instance=ExtResource( 9 )]
transform = Transform( 0.649988, 0, 0.759944, 0, 1, 0, -0.759944, 0, 0.649988, -718.094, 0.599097, -74.7838 )

[node name="palm_c6" parent="Landscape/islands/palmiers" instance=ExtResource( 9 )]
transform = Transform( -0.8829, 0, -0.469561, 0, 1, 0, 0.469561, 0, -0.8829, -456.557, 0.959933, -152.763 )

[node name="palm_c7" parent="Landscape/islands/palmiers" instance=ExtResource( 9 )]
transform = Transform( 0.425252, 0, 0.905075, 0, 1, 0, -0.905075, 0, 0.425252, -411.819, -0.766695, 173.733 )

[node name="main_beach" type="Spatial" parent="Landscape"]
editor/display_folded = true

[node name="HTerrain" type="Spatial" parent="Landscape/main_beach"]
transform = Transform( 1, 0, 0, 0, 1, 0, 0, 0, 1, -100, 0, -250 )
script = ExtResource( 3 )
__meta__ = {
"_editor_icon": ExtResource( 4 )
}
lod_scale = 4.0
map_scale = Vector3( 1.5, 1.5, 1.5 )
_terrain_data = ExtResource( 10 )
chunk_size = 32
shader_type = "Classic4"
custom_shader = null
shader_params/u_ground_uv_scale = 20
shader_params/u_depth_blending = true
shader_params/u_triplanar = false
shader_params/u_globalmap_blend_start = null
shader_params/u_globalmap_blend_distance = null
ground/albedo_bump_0 = ExtResource( 11 )
ground/normal_roughness_0 = null
ground/albedo_bump_1 = ExtResource( 12 )
ground/normal_roughness_1 = null
ground/albedo_bump_2 = ExtResource( 13 )
ground/normal_roughness_2 = null
ground/albedo_bump_3 = ExtResource( 6 )
ground/normal_roughness_3 = null
_detail_objects_data = null

[node name="sortie" type="MeshInstance" parent="Landscape/main_beach"]
transform = Transform( -8.29933, 11.0639, -18.8257, 1.98305, 21.1179, 11.1521, 18.0884, 2.76116, -9.86024, 491.502, 6.69722, 149.086 )
mesh = SubResource( 4 )
material/0 = null

[node name="palmiers1" type="Spatial" parent="Landscape/main_beach"]
editor/display_folded = true

[node name="Spatial" parent="Landscape/main_beach/palmiers1" instance=ExtResource( 7 )]
transform = Transform( 1, 0, 0, 0, 1, 0, 0, 0, 1, -32.3131, -3.87649, 0 )

[node name="Spatial11" parent="Landscape/main_beach/palmiers1" instance=ExtResource( 7 )]
transform = Transform( -0.998873, 0, -0.0474659, 0, 1, 0, 0.0474659, 0, -0.998873, 56.7243, -2.27458, 263.756 )

[node name="Spatial2" parent="Landscape/main_beach/palmiers1" instance=ExtResource( 7 )]
transform = Transform( -0.843252, 0, 0.537518, 0, 1, 0, -0.537518, 0, -0.843252, -31.8138, -5.56108, -86.9604 )

[node name="Spatial13" parent="Landscape/main_beach/palmiers1" instance=ExtResource( 7 )]
transform = Transform( -0.769102, 0, -0.639126, 0, 1, 0, 0.639126, 0, -0.769102, 67.6671, -2.58524, 355.108 )

[node name="Spatial3" parent="Landscape/main_beach/palmiers1" instance=ExtResource( 7 )]
transform = Transform( 0.613109, -0.184999, 0.768031, 0.115417, 0.982739, 0.144581, -0.781521, 0, 0.623878, -45.7059, -6.53318, -183.397 )

[node name="Spatial12" parent="Landscape/main_beach/palmiers1" instance=ExtResource( 7 )]
transform = Transform( -0.586079, 0, -0.810253, 0, 1, 0, 0.810253, 0, -0.586079, 78.8071, -6.53318, 446.311 )

[node name="Spatial4" parent="Landscape/main_beach/palmiers1" instance=ExtResource( 7 )]
transform = Transform( -0.859044, -0.0718498, 0.506833, -0.0618821, 0.997415, 0.0365102, -0.508147, 0, -0.86127, -17.3362, -5.11917, -119.507 )

[node name="Spatial14" parent="Landscape/main_beach/palmiers1" instance=ExtResource( 7 )]
transform = Transform( 0.882195, 0.0717688, -0.465381, -0.0618821, 0.997415, 0.0365102, 0.466799, -0.00341042, 0.884356, 47.4368, -1.75498, 383.84 )

[node name="Spatial5" parent="Landscape/main_beach/palmiers1" instance=ExtResource( 7 )]
transform = Transform( -0.859044, -0.0718498, 0.506833, -0.0618821, 0.997415, 0.0365102, -0.508147, 0, -0.86127, -12.2303, -3.01341, -44.2685 )

[node name="Spatial15" parent="Landscape/main_beach/palmiers1" instance=ExtResource( 7 )]
transform = Transform( 0.882195, 0.0717688, -0.465381, -0.0618821, 0.997415, 0.0365102, 0.466799, -0.00341042, 0.884356, 39.6444, -3.01341, 327.425 )

[node name="Spatial6" parent="Landscape/main_beach/palmiers1" instance=ExtResource( 7 )]
transform = Transform( -0.859044, -0.0718498, 0.506833, -0.0618821, 0.997415, 0.0365102, -0.508147, 0, -0.86127, 1.85419, -7.0034, 341.332 )

[node name="Spatial16" parent="Landscape/main_beach/palmiers1" instance=ExtResource( 7 )]
transform = Transform( 0.920356, 0.0711775, -0.384548, -0.0618821, 0.997415, 0.0365102, 0.386154, -0.00980577, 0.922382, 20.6535, 0.0096941, 1.14976 )

[node name="Spatial7" parent="Landscape/main_beach/palmiers1" instance=ExtResource( 7 )]
transform = Transform( -0.964452, -0.050341, -0.259418, -0.0618821, 0.997415, 0.0365102, 0.256909, 0.0512657, -0.965075, 13.7885, -3.06733, 400.552 )

[node name="Spatial17" parent="Landscape/main_beach/palmiers1" instance=ExtResource( 7 )]
transform = Transform( 0.920366, 0.0428734, 0.3887, -0.0618821, 0.997415, 0.0365102, -0.38613, -0.0576564, 0.920641, -18.1524, -2.47107, -55.8874 )

[node name="Spatial8" parent="Landscape/main_beach/palmiers1" instance=ExtResource( 7 )]
transform = Transform( -0.194461, -0.047928, 0.979738, -0.0618821, 0.997415, 0.0365102, -0.978956, -0.0535284, -0.196925, -18.9833, -3.83165, 473.602 )

[node name="Spatial18" parent="Landscape/main_beach/palmiers1" instance=ExtResource( 7 )]
transform = Transform( 0.326245, 0.0547849, -0.943695, -0.0618821, 0.997415, 0.0365102, 0.943257, 0.0464865, 0.328793, 0.470734, -1.06834, -189.994 )

[node name="Spatial9" parent="Landscape/main_beach/palmiers1" instance=ExtResource( 7 )]
transform = Transform( -0.931299, -0.0708589, 0.357298, -0.0618821, 0.997415, 0.0365102, -0.358961, 0.0118916, -0.933277, 9.29049, -3.25787, 432.977 )

[node name="Spatial19" parent="Landscape/main_beach/palmiers1" instance=ExtResource( 7 )]
transform = Transform( 0.971575, 0.068573, -0.226585, -0.0618821, 0.997415, 0.0365102, 0.228502, -0.0214509, 0.973307, -1.08231, -2.66161, -102.137 )

[node name="Spatial10" parent="Landscape/main_beach/palmiers1" instance=ExtResource( 7 )]
transform = Transform( -0.0940799, -0.0422466, 0.994668, -0.0618821, 0.997415, 0.0365102, -0.99364, -0.0581172, -0.096451, 25.8184, -3.59159, 365.503 )

[node name="Spatial20" parent="Landscape/main_beach/palmiers1" instance=ExtResource( 7 )]
transform = Transform( 0.228808, 0.0497829, -0.972198, -0.0618821, 0.997415, 0.0365102, 0.971503, 0.0518078, 0.231297, -6.38519, -2.99533, -19.5245 )

[node name="palmiers2" type="Spatial" parent="Landscape/main_beach"]
editor/display_folded = true
transform = Transform( 0.623878, 0, 0.781521, 0, 1, 0, -0.781521, 0, 0.623878, -39.9135, -7.65983, -135.091 )

[node name="Spatial" parent="Landscape/main_beach/palmiers2" instance=ExtResource( 8 )]
transform = Transform( 1, 0, -2.98023e-008, 0, 1, 0, 2.98023e-008, 0, 1, 73.7728, 9.48526, -19.5917 )

[node name="Spatial14" parent="Landscape/main_beach/palmiers2" instance=ExtResource( 8 )]
transform = Transform( -0.998874, 0, -0.0474654, 0, 1, 0, 0.0474654, 0, -0.998874, -428.292, 12.3766, 426.961 )

[node name="Spatial2" parent="Landscape/main_beach/palmiers2" instance=ExtResource( 8 )]
transform = Transform( 0.603992, 0, 0.79699, 0, 1, 0, -0.79699, 0, 0.603992, 9.62358, 4.55542, -10.4509 )

[node name="Spatial12" parent="Landscape/main_beach/palmiers2" instance=ExtResource( 8 )]
transform = Transform( -0.565483, 0, -0.824761, 0, 1, 0, 0.824761, 0, -0.565483, -356.974, 8.75048, 430.158 )

[node name="Spatial3" parent="Landscape/main_beach/palmiers2" instance=ExtResource( 8 )]
transform = Transform( -0.0169926, 0, 0.999856, 0, 1, 0, -0.999856, 0, -0.0169926, -14.7977, 3.95175, 12.3798 )

[node name="Spatial11" parent="Landscape/main_beach/palmiers2" instance=ExtResource( 8 )]
transform = Transform( 0.0644313, 0, -0.997924, 0, 1, 0, 0.997924, 0, 0.0644313, -325.908, 11.7174, 371.894 )

[node name="Spatial4" parent="Landscape/main_beach/palmiers2" instance=ExtResource( 8 )]
transform = Transform( -0.638865, 0, -0.769319, 0, 1, 0, 0.769319, 0, -0.638865, -77.5288, 5.61344, 61.8901 )

[node name="Spatial13" parent="Landscape/main_beach/palmiers2" instance=ExtResource( 8 )]
transform = Transform( 0.601631, 0, 0.798777, 0, 1, 0, -0.798777, 0, 0.601631, -287.853, 8.58928, 335.6 )

[node name="Spatial5" parent="Landscape/main_beach/palmiers2" instance=ExtResource( 8 )]
transform = Transform( -0.638865, 0, -0.769319, 0, 1, 0, 0.769319, 0, -0.638865, -401.463, 7.15645, 347.865 )

[node name="Spatial15" parent="Landscape/main_beach/palmiers2" instance=ExtResource( 8 )]
transform = Transform( 0.527895, 0, 0.849311, 0, 1, 0, -0.849311, 0, 0.527895, -16.4745, 13.7706, 106.976 )

[node name="Spatial6" parent="Landscape/main_beach/palmiers2" instance=ExtResource( 8 )]
transform = Transform( -0.522193, -0.12844, 0.843101, 0.0206266, 0.986403, 0.163047, -0.852579, 0.102532, -0.512443, -457.835, 7.15645, 368.147 )

[node name="Spatial16" parent="Landscape/main_beach/palmiers2" instance=ExtResource( 8 )]
transform = Transform( 0.632487, 0, -0.774572, 0, 1, 0, 0.774572, 0, 0.632487, 51.991, 12.7054, 26.4952 )

[node name="Spatial7" parent="Landscape/main_beach/palmiers2" instance=ExtResource( 8 )]
transform = Transform( -0.00752857, 0, 0.999972, 0, 1, 0, -0.999972, 0, -0.00752857, -485.186, 7.15645, 390.961 )

[node name="Spatial17" parent="Landscape/main_beach/palmiers2" instance=ExtResource( 8 )]
transform = Transform( 0.14393, 0, -0.98959, 0, 1, 0, 0.98959, 0, 0.14393, 103.262, 10.2575, -4.1256 )

[node name="Spatial8" parent="Landscape/main_beach/palmiers2" instance=ExtResource( 8 )]
transform = Transform( -0.0499514, 0, -0.998752, 0, 1, 0, 0.998752, 0, -0.0499514, -431.387, 5.30833, 348.014 )

[node name="Spatial19" parent="Landscape/main_beach/palmiers2" instance=ExtResource( 8 )]
transform = Transform( -0.0868213, 0, 0.996225, 0, 1, 0, -0.996225, 0, -0.0868213, 54.3502, 13.9554, 69.8547 )

[node name="Spatial9" parent="Landscape/main_beach/palmiers2" instance=ExtResource( 8 )]
transform = Transform( 0.716754, 0, -0.697327, 0, 1, 0, 0.697327, 0, 0.716754, -432.314, 7.15645, 372.187 )

[node name="Spatial20" parent="Landscape/main_beach/palmiers2" instance=ExtResource( 8 )]
transform = Transform( -0.805216, 0, 0.592983, 0, 1, 0, -0.592983, 0, -0.805216, 10.7685, 14.0724, 78.6716 )

[node name="Spatial10" parent="Landscape/main_beach/palmiers2" instance=ExtResource( 8 )]
transform = Transform( 0.88562, 0, 0.464414, 0, 1, 0, -0.464414, 0, 0.88562, -451.433, 10.5958, 402.291 )

[node name="Spatial18" parent="Landscape/main_beach/palmiers2" instance=ExtResource( 8 )]
transform = Transform( -0.813953, 0, -0.580934, 0, 1, 0, 0.580934, 0, -0.813953, 25.6003, 13.6968, 46.24 )

[node name="palmiers3" type="Spatial" parent="Landscape/main_beach"]
editor/display_folded = true

[node name="Spatial" parent="Landscape/main_beach/palmiers3" instance=ExtResource( 9 )]
transform = Transform( 1, 0, 0, 0, 1, 0, 0, 0, 1, -42.676, 0.534914, -244.885 )

[node name="Spatial2" parent="Landscape/main_beach/palmiers3" instance=ExtResource( 9 )]
transform = Transform( -0.10227, -0.0797236, 0.991557, -0.0081794, 0.996817, 0.0793029, -0.994723, 0, -0.102597, -18.2185, 3.75725, -160.218 )

[node name="Spatial13" parent="Landscape/main_beach/palmiers3" instance=ExtResource( 9 )]
transform = Transform( 0.149697, 0, -0.988732, 0, 1, 0, 0.988732, 0, 0.149697, 34.9552, 3.39263, 434.172 )

[node name="Spatial3" parent="Landscape/main_beach/palmiers3" instance=ExtResource( 9 )]
transform = Transform( -0.754258, 0, 0.656578, 0, 1, 0, -0.656578, 0, -0.754258, -46.0501, 0, -52.9273 )

[node name="Spatial10" parent="Landscape/main_beach/palmiers3" instance=ExtResource( 9 )]
transform = Transform( 0.784573, 0, -0.620036, 0, 1, 0, 0.620036, 0, 0.784573, 72.9581, 2.97584, 315.972 )

[node name="Spatial4" parent="Landscape/main_beach/palmiers3" instance=ExtResource( 9 )]
transform = Transform( -0.754258, 0, 0.656578, 0, 1, 0, -0.656578, 0, -0.754258, -46.1185, 0, -16.5466 )

[node name="Spatial11" parent="Landscape/main_beach/palmiers3" instance=ExtResource( 9 )]
transform = Transform( 0.784573, 0, -0.620036, 0, 1, 0, 0.620036, 0, 0.784573, 71.2996, 2.63544, 279.629 )

[node name="Spatial5" parent="Landscape/main_beach/palmiers3" instance=ExtResource( 9 )]
transform = Transform( 0.97216, 0, 0.23432, 0, 1, 0, -0.23432, 0, 0.97216, -5.37128, 3.70333, -130.21 )

[node name="Spatial9" parent="Landscape/main_beach/palmiers3" instance=ExtResource( 9 )]
transform = Transform( -0.959942, 0, -0.2802, 0, 1, 0, 0.2802, 0, -0.959942, 35.9934, 3.70333, 395.098 )

[node name="Spatial6" parent="Landscape/main_beach/palmiers3" instance=ExtResource( 9 )]
transform = Transform( 0.226405, -0.17351, -0.958454, 0.0398885, 0.984832, -0.168863, 0.973216, 0, 0.229892, -5.17308, 3.70333, -79.9928 )

[node name="Spatial12" parent="Landscape/main_beach/palmiers3" instance=ExtResource( 9 )]
transform = Transform( -0.275827, 0, 0.961207, 0, 1, 0, -0.961207, 0, -0.275827, 17.41, 1.00747, 325.194 )

[node name="Spatial7" parent="Landscape/main_beach/palmiers3" instance=ExtResource( 9 )]
transform = Transform( 0.77318, 0, 0.634186, 0, 1, 0, -0.634186, 0, 0.77318, -23.8697, -3.13137, 366.531 )

[node name="Spatial14" parent="Landscape/main_beach/palmiers3" instance=ExtResource( 9 )]
transform = Transform( -0.679395, 0, -0.733773, 0, 1, 0, 0.733773, 0, -0.679395, 42.6977, 5.06813, -27.3242 )

[node name="Spatial8" parent="Landscape/main_beach/palmiers3" instance=ExtResource( 9 )]
transform = Transform( 0.940437, 0.22591, 0.254055, -0.289421, 0.924073, 0.249648, -0.178367, -0.308307, 0.934416, -40.9582, -0.0520782, 450.854 )

[node name="Spatial15" parent="Landscape/main_beach/palmiers3" instance=ExtResource( 9 )]
transform = Transform( -0.920769, 0, -0.39011, 0, 1, 0, 0.39011, 0, -0.920769, 48.1182, 6.33254, -183.286 )

[node name="OmniLight" type="OmniLight" parent="Landscape/main_beach"]
transform = Transform( 1, 0, 0, 0, 1, 0, 0, 0, 1, 622.038, 419.562, 223.549 )
light_color = Color( 1, 0, 0, 1 )
light_energy = 16.0
light_indirect_energy = 16.0
light_specular = 1.0
light_bake_mode = 2
shadow_enabled = true
omni_range = 145.422

[node name="Parasols_and_co" type="Spatial" parent="Landscape/main_beach"]
editor/display_folded = true
transform = Transform( 1, 0, 0, 0, 1, 0, 0, 0, 1, 0, 0.811745, 0 )

[node name="Lot_1" type="Spatial" parent="Landscape/main_beach/Parasols_and_co"]
editor/display_folded = true

[node name="Transat1" parent="Landscape/main_beach/Parasols_and_co/Lot_1" instance=ExtResource( 14 )]
transform = Transform( 0.997036, 0.0769312, 0, -0.0769312, 0.997036, 0, 0, 0, 1, 45.1748, 5.88503, 65.7777 )

[node name="Transat2" parent="Landscape/main_beach/Parasols_and_co/Lot_1" instance=ExtResource( 14 )]
transform = Transform( 0.997036, 0.0769312, 0, -0.0769312, 0.997036, 0, 0, 0, 1, 45.1748, 5.88503, 58.2588 )

[node name="Parasol" parent="Landscape/main_beach/Parasols_and_co/Lot_1" instance=ExtResource( 15 )]
transform = Transform( 1, 0, 0, 0, 1, 0, 0, 0, 1, 43.1183, 7.19612, 62.0294 )

[node name="Lot_6" type="Spatial" parent="Landscape/main_beach/Parasols_and_co"]
editor/display_folded = true
transform = Transform( 1, 0, 0, 0, 1, 0, 0, 0, 1, 32.8912, -2.80715, 0 )

[node name="Transat1" parent="Landscape/main_beach/Parasols_and_co/Lot_6" instance=ExtResource( 14 )]
transform = Transform( 0.999693, 0.0247462, 0, -0.0247462, 0.999693, 0, 0, 0, 1, 45.1748, 5.88503, 65.7777 )

[node name="Transat2" parent="Landscape/main_beach/Parasols_and_co/Lot_6" instance=ExtResource( 14 )]
transform = Transform( 0.999693, 0.0247462, 0, -0.0247462, 0.999693, 0, 0, 0, 1, 45.1748, 5.88503, 58.2588 )

[node name="Parasol" parent="Landscape/main_beach/Parasols_and_co/Lot_6" instance=ExtResource( 15 )]
transform = Transform( 1, 0, 0, 0, 1, 0, 0, 0, 1, 43.1183, 6.23215, 62.0294 )

[node name="Lot_15" type="Spatial" parent="Landscape/main_beach/Parasols_and_co"]
editor/display_folded = true
transform = Transform( 1, 0, 0, 0, 1, 0, 0, 0, 1, 72.9148, -1.6835, 0 )

[node name="Transat1" parent="Landscape/main_beach/Parasols_and_co/Lot_15" instance=ExtResource( 14 )]
transform = Transform( 0.999589, -0.0286598, 0, 0.0286598, 0.999589, 0, 0, 0, 1, 45.1748, 6.23584, 65.7777 )

[node name="Transat2" parent="Landscape/main_beach/Parasols_and_co/Lot_15" instance=ExtResource( 14 )]
transform = Transform( 0.999589, -0.0286598, 0, 0.0286598, 0.999589, 0, 0, 0, 1, 45.1748, 6.23584, 58.2588 )

[node name="Parasol" parent="Landscape/main_beach/Parasols_and_co/Lot_15" instance=ExtResource( 15 )]
transform = Transform( 1, 0, 0, 0, 1, 0, 0, 0, 1, 43.1183, 4.18922, 62.0294 )

[node name="Lot_2" type="Spatial" parent="Landscape/main_beach/Parasols_and_co"]
editor/display_folded = true
transform = Transform( 1, 0, 0, 0, 1, 0, 0, 0, 1, 0, 0, 46.2426 )

[node name="Transat1" parent="Landscape/main_beach/Parasols_and_co/Lot_2" instance=ExtResource( 14 )]
transform = Transform( 0.997036, 0.0769312, 0, -0.0769312, 0.997036, 0, 0, 0, 1, 45.1748, 5.88503, 65.7777 )

[node name="Transat2" parent="Landscape/main_beach/Parasols_and_co/Lot_2" instance=ExtResource( 14 )]
transform = Transform( 0.997036, 0.0769312, 0, -0.0769312, 0.997036, 0, 0, 0, 1, 45.1748, 5.88503, 58.2588 )

[node name="Parasol" parent="Landscape/main_beach/Parasols_and_co/Lot_2" instance=ExtResource( 15 )]
transform = Transform( 1, 0, 0, 0, 1, 0, 0, 0, 1, 43.1183, 7.19612, 62.0294 )

[node name="Lot_7" type="Spatial" parent="Landscape/main_beach/Parasols_and_co"]
editor/display_folded = true
transform = Transform( 1, 0, 0, 0, 1, 0, 0, 0, 1, 32.8912, -2.80715, 46.2426 )

[node name="Transat1" parent="Landscape/main_beach/Parasols_and_co/Lot_7" instance=ExtResource( 14 )]
transform = Transform( 0.999693, 0.0247462, 0, -0.0247462, 0.999693, 0, 0, 0, 1, 45.1748, 5.88503, 65.7777 )

[node name="Transat2" parent="Landscape/main_beach/Parasols_and_co/Lot_7" instance=ExtResource( 14 )]
transform = Transform( 0.999693, 0.0247462, 0, -0.0247462, 0.999693, 0, 0, 0, 1, 45.1748, 5.88503, 58.2588 )

[node name="Parasol" parent="Landscape/main_beach/Parasols_and_co/Lot_7" instance=ExtResource( 15 )]
transform = Transform( 1, 0, 0, 0, 1, 0, 0, 0, 1, 43.1183, 6.23215, 62.0294 )

[node name="Lot_12" type="Spatial" parent="Landscape/main_beach/Parasols_and_co"]
editor/display_folded = true
transform = Transform( 1, 0, 0, 0, 1, 0, 0, 0, 1, 72.9148, -1.6835, 46.2426 )

[node name="Transat1" parent="Landscape/main_beach/Parasols_and_co/Lot_12" instance=ExtResource( 14 )]
transform = Transform( 0.999589, -0.0286598, 0, 0.0286598, 0.999589, 0, 0, 0, 1, 45.1748, 4.61732, 65.7777 )

[node name="Transat2" parent="Landscape/main_beach/Parasols_and_co/Lot_12" instance=ExtResource( 14 )]
transform = Transform( 0.999589, -0.0286598, 0, 0.0286598, 0.999589, 0, 0, 0, 1, 45.1748, 4.61732, 58.2588 )

[node name="Parasol" parent="Landscape/main_beach/Parasols_and_co/Lot_12" instance=ExtResource( 15 )]
transform = Transform( 1, 0, 0, 0, 1, 0, 0, 0, 1, 43.1183, 4.18922, 62.0294 )

[node name="Lot_3" type="Spatial" parent="Landscape/main_beach/Parasols_and_co"]
editor/display_folded = true
transform = Transform( 1, 0, 0, 0, 1, 0, 0, 0, 1, 0, 0, 91.0298 )

[node name="Transat1" parent="Landscape/main_beach/Parasols_and_co/Lot_3" instance=ExtResource( 14 )]
transform = Transform( 0.997036, 0.0769312, 0, -0.0769312, 0.997036, 0, 0, 0, 1, 45.1748, 5.88503, 65.7777 )

[node name="Transat2" parent="Landscape/main_beach/Parasols_and_co/Lot_3" instance=ExtResource( 14 )]
transform = Transform( 0.997036, 0.0769312, 0, -0.0769312, 0.997036, 0, 0, 0, 1, 45.1748, 5.88503, 58.2588 )

[node name="Parasol" parent="Landscape/main_beach/Parasols_and_co/Lot_3" instance=ExtResource( 15 )]
transform = Transform( 1, 0, 0, 0, 1, 0, 0, 0, 1, 43.1183, 7.19612, 62.0294 )

[node name="Lot_8" type="Spatial" parent="Landscape/main_beach/Parasols_and_co"]
editor/display_folded = true
transform = Transform( 1, 0, 0, 0, 1, 0, 0, 0, 1, 32.8912, -2.80715, 91.0298 )

[node name="Transat1" parent="Landscape/main_beach/Parasols_and_co/Lot_8" instance=ExtResource( 14 )]
transform = Transform( 0.999693, 0.0247462, 0, -0.0247462, 0.999693, 0, 0, 0, 1, 45.1748, 5.88503, 65.7777 )

[node name="Transat2" parent="Landscape/main_beach/Parasols_and_co/Lot_8" instance=ExtResource( 14 )]
transform = Transform( 0.999693, 0.0247462, 0, -0.0247462, 0.999693, 0, 0, 0, 1, 45.1748, 5.88503, 58.2588 )

[node name="Parasol" parent="Landscape/main_beach/Parasols_and_co/Lot_8" instance=ExtResource( 15 )]
transform = Transform( 1, 0, 0, 0, 1, 0, 0, 0, 1, 43.1183, 6.23215, 62.0294 )

[node name="Lot_11" type="Spatial" parent="Landscape/main_beach/Parasols_and_co"]
editor/display_folded = true
transform = Transform( 1, 0, 0, 0, 1, 0, 0, 0, 1, 72.9148, -1.6835, 91.0298 )

[node name="Transat1" parent="Landscape/main_beach/Parasols_and_co/Lot_11" instance=ExtResource( 14 )]
