[gd_scene load_steps=11 format=2]

[ext_resource path="res://addons/zylann.hterrain/hterrain.gd" type="Script" id=1]
[ext_resource path="res://addons/zylann.hterrain/tools/icons/icon_heightmap_node.svg" type="Texture" id=2]
[ext_resource path="res://terrain_niv2/t1/data.hterrain" type="Resource" id=3]
[ext_resource path="res://Seamless mountain rock face texture.jpg" type="Texture" id=4]
[ext_resource path="res://terrain_niv2/lava.tres" type="Material" id=5]
[ext_resource path="res://terrain_niv2/PIXNIO-66188-2272x1704.jpg" type="Texture" id=6]

[sub_resource type="PlaneMesh" id=1]
lightmap_size_hint = Vector2( 400, 400 )
material = ExtResource( 5 )
size = Vector2( 400, 400 )

[sub_resource type="Animation" id=2]
resource_name = "lava_move"
length = 15.0
loop = true
tracks/0/type = "value"
tracks/0/path = NodePath(".:mesh:material:uv1_offset")
tracks/0/interp = 1
tracks/0/loop_wrap = true
tracks/0/imported = false
tracks/0/enabled = true
tracks/0/keys = {
"times": PoolRealArray( 0, 15 ),
"transitions": PoolRealArray( 1, 1 ),
"update": 0,
"values": [ Vector3( 0, 0, 0 ), Vector3( 1, 0, 0 ) ]
}
tracks/1/type = "value"
tracks/1/path = NodePath(".:mesh:material:depth_scale")
tracks/1/interp = 1
tracks/1/loop_wrap = true
tracks/1/imported = false
tracks/1/enabled = true
tracks/1/keys = {
"times": PoolRealArray( 0, 7.5 ),
"transitions": PoolRealArray( 1, 1 ),
"update": 0,
"values": [ -0.01, -0.1 ]
}

[sub_resource type="PanoramaSky" id=3]
panorama = ExtResource( 6 )

[sub_resource type="Environment" id=4]
background_mode = 2
background_sky = SubResource( 3 )
background_sky_orientation = Basis( 0, 0, 0, 0, -1, 0, 0, 0, 0 )
ambient_light_color = Color( 1, 0.701961, 0, 1 )

[node name="Spatial" type="Spatial"]

[node name="HTerrain" type="Spatial" parent="."]
script = ExtResource( 1 )
__meta__ = {
"_editor_icon": ExtResource( 2 )
}
_terrain_data = ExtResource( 3 )
chunk_size = 32
shader_type = "Classic4"
custom_shader = null
shader_params/u_ground_uv_scale = 20
shader_params/u_depth_blending = true
shader_params/u_triplanar = false
shader_params/u_globalmap_blend_start = null
shader_params/u_globalmap_blend_distance = null
ground/albedo_bump_0 = null
ground/normal_roughness_0 = null
ground/albedo_bump_1 = null
ground/normal_roughness_1 = null
ground/albedo_bump_2 = null
ground/normal_roughness_2 = null
ground/albedo_bump_3 = ExtResource( 4 )
ground/normal_roughness_3 = null
_detail_objects_data = null

[node name="DirectionalLight" type="DirectionalLight" parent="."]
transform = Transform( -0.81967, 0.309522, 0.482014, -0.424163, 0.237592, -0.873863, -0.385003, -0.920731, -0.0634591, 0, 205.915, 0 )

[node name="MeshInstance" type="MeshInstance" parent="."]
transform = Transform( -0.296966, 0, -0.954888, 0, 1, 0, 0.954888, 0, -0.296966, 247.828, -55.5872, 284.842 )
mesh = SubResource( 1 )
material/0 = null

[node name="AnimationPlayer" type="AnimationPlayer" parent="MeshInstance"]
autoplay = "lava_move"
anims/lava_move = SubResource( 2 )

[node name="WorldEnvironment" type="WorldEnvironment" parent="."]
environment = SubResource( 4 )

[node name="SpotLight" type="SpotLight" parent="."]
transform = Transform( 1, 0, 0, 0, 0.0543606, 0.998521, 0, -0.998521, 0.0543606, 232.509, 157.159, 148.506 )
light_color = Color( 1, 0.592157, 0.0705882, 1 )
light_energy = 2.0
light_indirect_energy = 0.0
light_bake_mode = 0
shadow_enabled = true
spot_range = 1611.7
spot_angle = 83.7

[node name="SpotLight2" type="SpotLight" parent="."]
transform = Transform( 0.989463, 0.0329824, -0.140977, 0.144784, -0.225404, 0.963447, 0, -0.973707, -0.227805, 354.909, 157.159, 300.545 )
light_color = Color( 1, 0.592157, 0.0705882, 1 )
light_energy = 2.0
light_indirect_energy = 0.0
light_bake_mode = 0
shadow_enabled = true
spot_range = 1611.7
spot_angle = 83.7

[node name="SpotLight6" type="SpotLight" parent="."]
transform = Transform( 0.989463, 0.0329824, -0.140977, 0.144784, -0.225404, 0.963447, 0, -0.973707, -0.227805, 354.909, 157.159, 154.096 )
light_color = Color( 1, 0.592157, 0.0705882, 1 )
light_energy = 2.0
light_indirect_energy = 0.0
light_bake_mode = 0
shadow_enabled = true
spot_range = 1611.7
spot_angle = 83.7

[node name="SpotLight5" type="SpotLight" parent="."]
transform = Transform( 0.989463, 0.0329824, -0.140977, 0.144784, -0.225404, 0.963447, 0, -0.973707, -0.227805, 354.909, 157.159, 414.416 )
light_color = Color( 1, 0.592157, 0.0705882, 1 )
light_energy = 2.0
light_indirect_energy = 0.0
light_bake_mode = 0
shadow_enabled = true
spot_range = 1611.7
spot_angle = 83.7

[node name="SpotLight4" type="SpotLight" parent="."]
transform = Transform( 0.953801, -0.0684415, 0.29254, -0.300439, -0.21728, 0.928723, 0, -0.973707, -0.227805, 131.766, 157.159, 296.089 )
light_color = Color( 1, 0.592157, 0.0705882, 1 )
light_energy = 2.0
light_indirect_energy = 0.0
light_bake_mode = 0
shadow_enabled = true
spot_range = 1611.7
spot_angle = 83.7

[node name="SpotLight3" type="SpotLight" parent="."]
transform = Transform( 1, 0, 0, 0, -0.451555, 0.892243, 0, -0.892243, -0.451555, 232.509, 157.159, 423.044 )
light_color = Color( 1, 0.592157, 0.0705882, 1 )
light_energy = 2.0
light_indirect_energy = 0.0
light_bake_mode = 0
shadow_enabled = true
spot_range = 1611.7
spot_angle = 83.7

[node name="Camera" type="Camera" parent="."]
transform = Transform( -0.990734, -4.42893e-008, -0.135815, -0.0516324, 0.924918, 0.376644, 0.125618, 0.380166, -0.916348, 245.592, -16.1332, 183.429 )
current = true
far = 300.0

