[gd_scene load_steps=14 format=2]

[ext_resource path="res://addons/zylann.hterrain/hterrain.gd" type="Script" id=1]
[ext_resource path="res://addons/zylann.hterrain/tools/icons/icon_heightmap_node.svg" type="Texture" id=2]
[ext_resource path="res://terrain_niv2/t1/data.hterrain" type="Resource" id=3]
[ext_resource path="res://Seamless mountain rock face texture.jpg" type="Texture" id=4]
[ext_resource path="res://terrain_niv2/981-diffuse.jpg" type="Texture" id=5]
[ext_resource path="res://terrain_niv2/981-bump.jpg" type="Texture" id=6]
[ext_resource path="res://terrain_niv2/981-normal.jpg" type="Texture" id=7]
[ext_resource path="res://terrain_niv2/HFD_HemiSunset01_SmlSample.jpg" type="Texture" id=8]

[sub_resource type="SpatialMaterial" id=7]
albedo_color = Color( 1, 0.454902, 0.454902, 1 )
albedo_texture = ExtResource( 5 )
metallic_specular = 1.0
roughness = 0.68
roughness_texture_channel = 2
emission_enabled = true
emission = Color( 1, 0.568627, 0.372549, 1 )
emission_energy = 1.5
emission_operator = 1
emission_on_uv2 = false
emission_texture = ExtResource( 5 )
normal_enabled = true
normal_scale = 16.0
normal_texture = ExtResource( 7 )
depth_enabled = true
depth_scale = -0.05
depth_deep_parallax = true
depth_min_layers = 8
depth_max_layers = 32
depth_flip_tangent = false
depth_flip_binormal = false
depth_texture = ExtResource( 6 )
uv1_scale = Vector3( 20, 20, 20 )

[sub_resource type="PlaneMesh" id=5]
material = SubResource( 7 )
size = Vector2( 8000, 8000 )

[sub_resource type="Animation" id=2]
resource_name = "lava_move"
length = 16.0
loop = true
tracks/0/type = "value"
tracks/0/path = NodePath(".:mesh:material:uv1_offset")
tracks/0/interp = 1
tracks/0/loop_wrap = true
tracks/0/imported = false
tracks/0/enabled = true
tracks/0/keys = {
"times": PoolRealArray( 0, 16 ),
"transitions": PoolRealArray( 1, 1 ),
"update": 0,
"values": [ Vector3( 0, 0, 0 ), Vector3( 1, 0, 0 ) ]
}

[sub_resource type="PanoramaSky" id=8]
panorama = ExtResource( 8 )

[sub_resource type="Environment" id=9]
background_mode = 2
background_sky = SubResource( 8 )
dof_blur_far_distance = 2252.36
dof_blur_far_quality = 2
glow_enabled = true
glow_intensity = 0.63
glow_strength = 0.88
glow_bloom = 0.28
glow_blend_mode = 0

[node name="Spatial" type="Spatial"]

[node name="volcano" type="Spatial" parent="."]
script = ExtResource( 1 )
__meta__ = {
"_editor_icon": ExtResource( 2 )
}
map_scale = Vector3( 20, 20, 20 )
_terrain_data = ExtResource( 3 )
chunk_size = 32
shader_type = "Classic4"
custom_shader = null
shader_params/u_ground_uv_scale = 20.0
shader_params/u_depth_blending = true
shader_params/u_triplanar = false
shader_params/u_globalmap_blend_start = null
shader_params/u_globalmap_blend_distance = 0.0
ground/albedo_bump_0 = null
ground/normal_roughness_0 = null
ground/albedo_bump_1 = null
ground/normal_roughness_1 = null
ground/albedo_bump_2 = null
ground/normal_roughness_2 = null
ground/albedo_bump_3 = ExtResource( 4 )
ground/normal_roughness_3 = null
_detail_objects_data = null

[node name="lava" type="MeshInstance" parent="."]
editor/display_folded = true
transform = Transform( -0.296966, 0, -0.954888, 0, 1, 0, 0.954888, 0, -0.296966, 5289.48, -387.09, 5183.84 )
cast_shadow = 0
mesh = SubResource( 5 )
material/0 = null

[node name="AnimationPlayer" type="AnimationPlayer" parent="lava"]
autoplay = "lava_move"
anims/lava_move = SubResource( 2 )

[node name="Camera" type="Camera" parent="."]
transform = Transform( -0.962219, 0.0240349, 0.271213, -0.0516685, 0.961878, -0.268553, -0.267328, -0.27242, -0.924296, 5315.8, 1041.5, 2337.87 )
current = true
far = 8192.0

[node name="DirectionalLight" type="DirectionalLight" parent="."]
light_color = Color( 0.235294, 0.235294, 0.235294, 1 )
light_energy = 3.75

[node name="Camera2" type="Camera" parent="."]
transform = Transform( -0.922689, 0, 0.385545, 0, 1, 0, -0.385545, 0, -0.922689, 6938.17, 2079.01, 2934.91 )
far = 8192.0

[node name="lights" type="Spatial" parent="."]
editor/display_folded = true

[node name="SpotLight" type="SpotLight" parent="lights"]
transform = Transform( 0.991373, -0.00712508, -0.130877, 0.131071, 0.0538917, 0.989907, 0, -0.998521, 0.0543606, 2758.02, 3372.29, 3991.47 )
light_color = Color( 1, 0.494118, 0, 1 )
light_energy = 4.0
light_indirect_energy = 0.0
light_specular = 1.0
spot_range = 4096.0
spot_angle = 76.0676

[node name="SpotLight2" type="SpotLight" parent="lights"]
transform = Transform( 0.0104975, 0.918867, 0.394429, 0.117582, -0.392848, 0.912055, 0.993008, 0.0368035, -0.112166, 3413.1, 3372.29, 6033.15 )
light_color = Color( 1, 0.494118, 0, 1 )
light_energy = 4.0
light_indirect_energy = 0.0
light_specular = 1.0
spot_range = 4096.0
spot_angle = 76.0676

[node name="SpotLight3" type="SpotLight" parent="lights"]
transform = Transform( 0.991491, 0.098101, -0.0855682, 0.117674, -0.956513, 0.266901, -0.0556638, -0.2747, -0.959918, 3897.21, 2703.33, 6723.3 )
light_color = Color( 1, 0.494118, 0, 1 )
light_energy = 4.0
light_indirect_energy = 0.0
light_specular = 1.0
spot_range = 4096.0
spot_angle = 76.0676

[node name="SpotLight4" type="SpotLight" parent="lights"]
transform = Transform( 0.991491, 0.098101, -0.0855682, 0.117674, -0.956513, 0.266901, -0.0556638, -0.2747, -0.959918, 6180.92, 2703.33, 6723.3 )
light_color = Color( 1, 0.494118, 0, 1 )
light_energy = 4.0
light_indirect_energy = 0.0
light_specular = 1.0
spot_range = 4096.0
spot_angle = 78.75

[node name="SpotLight6" type="SpotLight" parent="lights"]
transform = Transform( -0.607907, -0.28191, -0.742277, 0.117674, -0.956513, 0.266901, -0.78524, 0.0749043, 0.614645, 6506.6, 2460.41, 6933.75 )
light_color = Color( 1, 0.494118, 0, 1 )
light_energy = 4.0
light_indirect_energy = 0.0
light_specular = 1.0
spot_range = 4096.0
spot_angle = 76.0676

[node name="SpotLight7" type="SpotLight" parent="lights"]
transform = Transform( -0.607907, -0.28191, -0.742277, 0.117674, -0.956513, 0.266901, -0.78524, 0.0749043, 0.614645, 6506.6, 1532.08, 4661.27 )
light_color = Color( 1, 0.494118, 0, 1 )
light_energy = 4.0
light_indirect_energy = 0.0
light_specular = 1.0
spot_range = 4096.0
spot_angle = 76.0676

[node name="SpotLight8" type="SpotLight" parent="lights"]
transform = Transform( -0.388922, -0.91946, -0.0577307, 0.472896, -0.253023, 0.844008, -0.790639, 0.300952, 0.533215, 4648.9, 1532.08, 4661.27 )
light_color = Color( 1, 0.494118, 0, 1 )
light_energy = 4.0
light_indirect_energy = 0.0
light_specular = 1.0
spot_range = 4096.0
spot_angle = 76.0676

[node name="OmniLight" type="OmniLight" parent="lights"]
transform = Transform( 1, 0, 0, 0, 1, 0, 0, 0, 1, 7551.3, 1338.09, 8579.04 )
light_color = Color( 1, 0.494118, 0, 1 )
light_energy = 3.07
light_indirect_energy = 16.0
light_specular = 1.0
omni_range = 2149.7

[node name="WorldEnvironment" type="WorldEnvironment" parent="."]
environment = SubResource( 9 )

